#FinalClass GroupNumber SubGroupNumber GalaxyID  SuccessFlag
3.0 1.0 2.0 10007496.0 2.0
0.0 1.0 3.0 10048611.0 4.0
2.0 1.0 9.0 10087546.0 2.0
0.0 1.0 25.0 10133128.0 3.0
1.0 1.0 31.0 10167709.0 2.0
1.0 1.0 34.0 10189420.0 4.0
1.0 1.0 37.0 10229105.0 1.0
1.0 1.0 46.0 10247407.0 3.0
1.0 1.0 48.0 10251666.0 3.0
0.0 1.0 49.0 10270262.0 4.0
1.0 1.0 70.0 10296223.0 3.0
1.0 1.0 91.0 10316711.0 2.0
1.0 1.0 95.0 10363688.0 4.0
0.0 1.0 99.0 10366587.0 4.0
1.0 1.0 113.0 10377621.0 4.0
2.0 2.0 3.0 10408025.0 2.0
0.0 2.0 4.0 10484533.0 2.0
0.0 2.0 8.0 10508996.0 4.0
1.0 2.0 9.0 10520696.0 2.0
0.0 2.0 25.0 10637653.0 4.0
0.0 2.0 27.0 10639641.0 1.0
0.0 2.0 36.0 10645724.0 4.0
1.0 2.0 47.0 10756038.0 4.0
0.0 2.0 48.0 10770392.0 4.0
1.0 2.0 57.0 10838395.0 3.0
0.0 2.0 64.0 10857030.0 4.0
0.0 2.0 67.0 11450389.0 1.0
0.0 2.0 71.0 11464247.0 2.0
0.0 2.0 74.0 11472443.0 4.0
0.0 2.0 77.0 11570539.0 2.0
1.0 2.0 105.0 12070067.0 4.0
1.0 2.0 119.0 12099012.0 3.0
0.0 2.0 127.0 12100014.0 4.0
1.0 3.0 1.0 12140983.0 4.0
2.0 3.0 6.0 12159162.0 4.0
1.0 3.0 27.0 12184456.0 3.0
0.0 3.0 48.0 12206163.0 1.0
1.0 3.0 91.0 12661292.0 1.0
1.0 4.0 4.0 12703762.0 4.0
1.0 4.0 5.0 12759145.0 4.0
0.0 4.0 26.0 12767218.0 4.0
0.0 4.0 29.0 13151895.0 3.0
0.0 4.0 35.0 13172064.0 4.0
0.0 4.0 55.0 13246029.0 2.0
1.0 4.0 59.0 13249045.0 4.0
0.0 4.0 61.0 13255950.0 4.0
1.0 5.0 3.0 13632282.0 4.0
0.0 5.0 10.0 13638550.0 1.0
2.0 5.0 11.0 13652612.0 2.0
1.0 5.0 14.0 13664607.0 2.0
4.0 5.0 27.0 13698383.0 2.0
0.0 5.0 31.0 13700897.0 3.0
3.0 5.0 35.0 13720597.0 2.0
1.0 6.0 1.0 13738373.0 4.0
0.0 6.0 3.0 13872509.0 2.0
0.0 6.0 13.0 13886254.0 3.0
1.0 7.0 1.0 1406431.0 4.0
0.0 7.0 15.0 14117720.0 4.0
0.0 7.0 16.0 14847631.0 2.0
1.0 7.0 26.0 14866782.0 4.0
1.0 8.0 1.0 15180624.0 3.0
3.0 8.0 14.0 15298813.0 4.0
0.0 8.0 18.0 15381417.0 3.0
0.0 8.0 33.0 15418091.0 4.0
2.0 9.0 7.0 15494457.0 4.0
2.0 10.0 1.0 15597923.0 3.0
1.0 10.0 3.0 15651342.0 4.0
0.0 10.0 16.0 15804165.0 3.0
2.0 10.0 38.0 16018177.0 3.0
0.0 11.0 0.0 16030139.0 3.0
0.0 13.0 0.0 16214874.0 4.0
0.0 13.0 1.0 16229685.0 3.0
1.0 14.0 23.0 16262527.0 4.0
1.0 15.0 3.0 16322845.0 4.0
1.0 15.0 5.0 16360006.0 4.0
0.0 16.0 8.0 16433029.0 2.0
0.0 16.0 10.0 16459278.0 2.0
2.0 16.0 13.0 165249.0 2.0
1.0 18.0 2.0 16578043.0 3.0
0.0 18.0 5.0 16608246.0 2.0
2.0 18.0 7.0 16692290.0 4.0
0.0 19.0 1.0 16828343.0 3.0
2.0 19.0 9.0 16841705.0 2.0
0.0 19.0 10.0 16852685.0 1.0
1.0 20.0 1.0 16899534.0 4.0
1.0 22.0 0.0 16935095.0 2.0
0.0 22.0 17.0 16948257.0 3.0
0.0 23.0 7.0 16960167.0 1.0
0.0 23.0 11.0 16981991.0 2.0
1.0 23.0 12.0 17074705.0 4.0
2.0 24.0 0.0 17094054.0 3.0
2.0 24.0 3.0 17124510.0 4.0
0.0 24.0 6.0 17304600.0 4.0
2.0 25.0 1.0 17323599.0 3.0
0.0 25.0 2.0 17374402.0 4.0
2.0 25.0 6.0 17382930.0 4.0
0.0 26.0 1.0 17386981.0 3.0
0.0 26.0 6.0 17432570.0 4.0
1.0 26.0 8.0 17441218.0 4.0
0.0 27.0 2.0 17445073.0 2.0
0.0 27.0 3.0 17519777.0 4.0
0.0 29.0 0.0 17523254.0 4.0
1.0 31.0 0.0 17570366.0 1.0
0.0 31.0 3.0 17640299.0 2.0
0.0 34.0 0.0 17643577.0 2.0
1.0 35.0 1.0 17672886.0 3.0
1.0 37.0 0.0 17689286.0 1.0
0.0 37.0 5.0 17713162.0 2.0
0.0 38.0 5.0 17799611.0 4.0
2.0 40.0 3.0 17820509.0 4.0
0.0 42.0 6.0 17875911.0 1.0
2.0 45.0 0.0 17961350.0 4.0
0.0 45.0 1.0 18034408.0 4.0
0.0 46.0 4.0 18118060.0 4.0
0.0 47.0 4.0 18125943.0 2.0
1.0 49.0 0.0 18138347.0 3.0
0.0 50.0 1.0 18140480.0 3.0
0.0 52.0 1.0 18143518.0 3.0
0.0 52.0 4.0 18171868.0 4.0
1.0 53.0 1.0 18269024.0 3.0
0.0 54.0 3.0 18294880.0 4.0
1.0 55.0 2.0 18343511.0 3.0
2.0 55.0 5.0 18470776.0 2.0
0.0 55.0 13.0 27473.0 4.0
0.0 56.0 3.0 3537757.0 4.0
1.0 57.0 0.0 36468.0 2.0
1.0 58.0 0.0 38951.0 3.0
0.0 58.0 2.0 4461431.0 3.0
0.0 58.0 4.0 4566938.0 3.0
0.0 58.0 5.0 5299569.0 3.0
1.0 59.0 1.0 6040033.0 3.0
1.0 61.0 0.0 6066835.0 3.0
1.0 61.0 2.0 6068063.0 2.0
1.0 62.0 2.0 6615740.0 3.0
1.0 64.0 1.0 6639776.0 4.0
2.0 67.0 0.0 6650953.0 3.0
0.0 72.0 0.0 7190131.0 4.0
0.0 72.0 1.0 7196585.0 3.0
1.0 73.0 1.0 8058402.0 3.0
0.0 75.0 10.0 8101595.0 4.0
1.0 76.0 1.0 8115173.0 2.0
1.0 76.0 3.0 8122787.0 4.0
1.0 78.0 2.0 8136010.0 3.0
2.0 80.0 1.0 8139479.0 2.0
1.0 84.0 0.0 8216840.0 3.0
0.0 86.0 4.0 8274106.0 3.0
2.0 89.0 0.0 8295057.0 4.0
1.0 91.0 3.0 8353604.0 3.0
1.0 92.0 0.0 8364906.0 4.0
0.0 93.0 1.0 8393665.0 3.0
0.0 93.0 5.0 8399448.0 4.0
1.0 94.0 0.0 8429143.0 3.0
1.0 96.0 4.0 8567853.0 3.0
1.0 97.0 0.0 8572763.0 3.0
1.0 98.0 0.0 8585109.0 2.0
1.0 99.0 0.0 8633758.0 4.0
0.0 100.0 1.0 8640505.0 1.0
0.0 102.0 1.0 8689645.0 1.0
1.0 107.0 0.0 8752041.0 3.0
1.0 111.0 3.0 8799477.0 4.0
1.0 114.0 4.0 8816166.0 3.0
0.0 114.0 5.0 8819792.0 3.0
0.0 123.0 1.0 8900328.0 2.0
1.0 124.0 0.0 8935446.0 3.0
0.0 125.0 1.0 8941628.0 3.0
0.0 126.0 0.0 8958332.0 4.0
0.0 127.0 0.0 8965614.0 2.0
1.0 127.0 1.0 8980186.0 4.0
1.0 134.0 1.0 8995405.0 4.0
1.0 138.0 0.0 8997130.0 3.0
0.0 140.0 0.0 9020523.0 4.0
0.0 141.0 1.0 9055873.0 2.0
0.0 142.0 0.0 9074809.0 4.0
1.0 143.0 0.0 9114530.0 4.0
1.0 152.0 4.0 9125261.0 3.0
0.0 155.0 0.0 9150430.0 1.0
0.0 159.0 2.0 9192916.0 4.0
1.0 162.0 0.0 9217775.0 3.0
0.0 164.0 0.0 9219350.0 2.0
1.0 166.0 0.0 9267523.0 3.0
0.0 171.0 0.0 9284259.0 1.0
1.0 173.0 1.0 9355439.0 4.0
0.0 175.0 0.0 9378421.0 4.0
1.0 179.0 0.0 9432093.0 4.0
1.0 183.0 0.0 9463307.0 4.0
0.0 187.0 2.0 9464626.0 3.0
0.0 188.0 1.0 9474586.0 4.0
1.0 189.0 2.0 9484895.0 2.0
0.0 190.0 0.0 9573816.0 4.0
1.0 191.0 0.0 9600761.0 2.0
0.0 192.0 1.0 9634679.0 3.0
1.0 198.0 2.0 9639906.0 2.0
1.0 200.0 1.0 9656543.0 4.0
1.0 202.0 1.0 9708148.0 3.0
0.0 204.0 1.0 9714039.0 4.0
1.0 208.0 1.0 9756946.0 4.0
0.0 211.0 0.0 9762289.0 3.0
1.0 213.0 0.0 9812401.0 4.0
1.0 215.0 0.0 9920746.0 4.0
1.0 216.0 0.0 9944856.0 3.0
1.0 218.0 1.0 9988502.0 4.0
1.0 220.0 0.0 10001964.0 3.0
1.0 226.0 0.0 10047593.0 4.0
1.0 229.0 0.0 10088970.0 3.0
0.0 231.0 0.0 10094365.0 4.0
1.0 234.0 0.0 10098636.0 4.0
3.0 236.0 0.0 10108399.0 4.0
1.0 241.0 1.0 10202982.0 2.0
1.0 250.0 0.0 10214268.0 4.0
1.0 256.0 0.0 10267875.0 2.0
3.0 259.0 0.0 10297940.0 3.0
1.0 260.0 0.0 10400500.0 4.0
0.0 261.0 0.0 10422405.0 4.0
1.0 263.0 0.0 10500691.0 1.0
1.0 264.0 0.0 10513356.0 3.0
1.0 266.0 0.0 10624027.0 4.0
1.0 276.0 0.0 10666539.0 3.0
1.0 277.0 1.0 10668208.0 3.0
0.0 278.0 0.0 10672054.0 4.0
1.0 282.0 1.0 10793820.0 1.0
1.0 285.0 0.0 10915109.0 3.0
0.0 288.0 0.0 10965880.0 4.0
0.0 293.0 1.0 10978426.0 2.0
3.0 295.0 1.0 11041878.0 2.0
1.0 296.0 0.0 11233285.0 1.0
1.0 306.0 0.0 11486870.0 3.0
1.0 311.0 0.0 11591453.0 4.0
1.0 312.0 1.0 12145071.0 1.0
0.0 315.0 0.0 12149158.0 3.0
1.0 318.0 1.0 12164583.0 2.0
1.0 321.0 1.0 12712401.0 3.0
1.0 325.0 0.0 12737014.0 3.0
0.0 325.0 1.0 12746616.0 3.0
0.0 336.0 0.0 12748607.0 3.0
1.0 338.0 0.0 12777206.0 1.0
0.0 341.0 0.0 130677.0 3.0
3.0 344.0 1.0 13154468.0 4.0
2.0 350.0 0.0 13184670.0 3.0
1.0 351.0 1.0 13629343.0 3.0
1.0 352.0 0.0 13660659.0 2.0
0.0 357.0 0.0 13691170.0 1.0
1.0 359.0 0.0 13722615.0 3.0
0.0 360.0 0.0 13833469.0 3.0
1.0 375.0 1.0 13861188.0 3.0
0.0 376.0 0.0 13866051.0 3.0
1.0 382.0 0.0 13885345.0 4.0
2.0 389.0 0.0 13892596.0 1.0
1.0 390.0 0.0 1390572.0 3.0
0.0 391.0 1.0 13965936.0 1.0
0.0 392.0 2.0 14007135.0 4.0
2.0 393.0 1.0 14018345.0 1.0
0.0 395.0 2.0 14104040.0 1.0
2.0 399.0 0.0 14164096.0 3.0
0.0 400.0 0.0 14188899.0 2.0
0.0 401.0 1.0 14211586.0 1.0
5.0 409.0 0.0 14216102.0 4.0
0.0 413.0 1.0 14227199.0 3.0
0.0 418.0 0.0 142885.0 2.0
0.0 419.0 0.0 14359554.0 3.0
2.0 420.0 0.0 14436222.0 2.0
0.0 426.0 0.0 14459773.0 1.0
2.0 427.0 0.0 14476588.0 3.0
0.0 429.0 0.0 14523328.0 2.0
2.0 433.0 0.0 14559627.0 3.0
0.0 436.0 0.0 14607787.0 2.0
0.0 445.0 0.0 14642196.0 3.0
0.0 447.0 0.0 14696151.0 3.0
0.0 455.0 0.0 14706695.0 2.0
4.0 456.0 0.0 14883340.0 3.0
0.0 459.0 1.0 14895218.0 1.0
0.0 462.0 0.0 15028757.0 3.0
0.0 469.0 0.0 15038750.0 2.0
1.0 477.0 0.0 15070187.0 3.0
2.0 479.0 0.0 15118185.0 4.0
0.0 486.0 0.0 15141076.0 2.0
0.0 489.0 0.0 15157617.0 3.0
0.0 497.0 0.0 15197399.0 1.0
1.0 500.0 0.0 15239965.0 3.0
1.0 505.0 0.0 15343517.0 4.0
0.0 507.0 1.0 15362841.0 2.0
0.0 508.0 0.0 15371868.0 4.0
0.0 517.0 1.0 15393778.0 3.0
1.0 521.0 0.0 15402075.0 3.0
0.0 524.0 0.0 15484682.0 4.0
1.0 525.0 0.0 15535361.0 3.0
0.0 530.0 0.0 15554595.0 4.0
1.0 533.0 0.0 15691064.0 1.0
2.0 536.0 0.0 15710021.0 4.0
0.0 538.0 2.0 15797865.0 4.0
0.0 542.0 0.0 15811947.0 3.0
0.0 550.0 1.0 15823417.0 2.0
2.0 553.0 0.0 15878251.0 2.0
0.0 555.0 1.0 15940995.0 3.0
0.0 558.0 0.0 15953505.0 1.0
0.0 566.0 1.0 15973149.0 3.0
1.0 569.0 0.0 16027781.0 4.0
0.0 571.0 0.0 16062294.0 2.0
1.0 577.0 0.0 16072004.0 3.0
0.0 578.0 0.0 16150065.0 2.0
0.0 583.0 0.0 16179867.0 2.0
0.0 586.0 0.0 16221451.0 2.0
0.0 602.0 1.0 16268671.0 1.0
0.0 605.0 1.0 16385870.0 3.0
0.0 607.0 0.0 16424324.0 2.0
0.0 620.0 0.0 16429681.0 3.0
0.0 627.0 0.0 16462660.0 3.0
0.0 631.0 1.0 16472249.0 1.0
0.0 638.0 0.0 16491888.0 3.0
1.0 639.0 0.0 16504438.0 3.0
0.0 645.0 0.0 16543297.0 3.0
0.0 649.0 0.0 16550702.0 4.0
1.0 650.0 0.0 16583346.0 2.0
0.0 665.0 0.0 16632264.0 3.0
0.0 668.0 0.0 16657910.0 4.0
1.0 669.0 0.0 16664981.0 1.0
2.0 682.0 2.0 16701963.0 3.0
0.0 688.0 0.0 16727953.0 3.0
0.0 689.0 0.0 16740639.0 3.0
0.0 696.0 1.0 16774780.0 4.0
0.0 697.0 0.0 16791966.0 3.0
0.0 698.0 0.0 16807937.0 3.0
0.0 699.0 1.0 16824761.0 3.0
0.0 716.0 0.0 16911816.0 2.0
0.0 717.0 0.0 16916060.0 2.0
0.0 720.0 0.0 17017274.0 4.0
0.0 722.0 1.0 17033425.0 2.0
0.0 725.0 0.0 17068441.0 1.0
2.0 728.0 0.0 17097593.0 2.0
0.0 729.0 0.0 17113138.0 4.0
1.0 730.0 1.0 17246197.0 2.0
2.0 734.0 0.0 17255594.0 2.0
1.0 737.0 0.0 17271201.0 4.0
0.0 744.0 0.0 17357222.0 4.0
4.0 747.0 1.0 1745905.0 4.0
0.0 748.0 0.0 17494069.0 1.0
1.0 756.0 0.0 17497366.0 4.0
0.0 757.0 0.0 17574678.0 4.0
2.0 765.0 0.0 17592248.0 4.0
0.0 766.0 1.0 17596949.0 1.0
1.0 774.0 0.0 17611275.0 1.0
0.0 775.0 0.0 17618660.0 3.0
2.0 783.0 0.0 17654556.0 4.0
1.0 784.0 0.0 17666084.0 4.0
1.0 806.0 0.0 17676396.0 2.0
2.0 810.0 0.0 17697184.0 4.0
0.0 818.0 0.0 17723838.0 3.0
0.0 826.0 0.0 17749095.0 4.0
0.0 832.0 0.0 17752120.0 4.0
1.0 852.0 0.0 17775312.0 4.0
0.0 867.0 0.0 17795987.0 3.0
4.0 888.0 0.0 17818556.0 1.0
0.0 892.0 0.0 17866288.0 4.0
1.0 893.0 0.0 17911420.0 2.0
1.0 895.0 0.0 17990051.0 2.0
0.0 901.0 0.0 18060725.0 2.0
0.0 902.0 0.0 18120449.0 4.0
1.0 903.0 0.0 18160042.0 2.0
0.0 912.0 0.0 18192270.0 4.0
0.0 919.0 0.0 18292452.0 2.0
1.0 929.0 0.0 18303794.0 3.0
1.0 930.0 0.0 18320343.0 2.0
0.0 944.0 0.0 18373708.0 1.0
0.0 946.0 0.0 18377511.0 2.0
1.0 952.0 0.0 18381161.0 4.0
0.0 961.0 0.0 18412316.0 1.0
0.0 975.0 0.0 18433096.0 4.0
2.0 980.0 0.0 18481114.0 2.0
1.0 995.0 0.0 18601016.0 2.0
2.0 998.0 0.0 18680975.0 3.0
2.0 1001.0 0.0 18816264.0 2.0
2.0 1008.0 0.0 18873061.0 1.0
2.0 1009.0 0.0 18961506.0 4.0
2.0 1011.0 1.0 19054212.0 3.0
3.0 1028.0 0.0 19215047.0 4.0
2.0 1047.0 0.0 19299050.0 4.0
0.0 1065.0 0.0 19380932.0 4.0
2.0 1078.0 0.0 19534448.0 2.0
4.0 1081.0 0.0 19595681.0 2.0
1.0 1096.0 0.0 19845187.0 1.0
0.0 1108.0 0.0 19927838.0 4.0
1.0 1115.0 0.0 20163968.0 3.0
0.0 1148.0 0.0 20225920.0 4.0
1.0 1151.0 0.0 20309019.0 3.0
1.0 1169.0 0.0 20339743.0 4.0
0.0 1172.0 0.0 20359745.0 3.0
1.0 1175.0 0.0 20398653.0 4.0
0.0 1181.0 0.0 20414028.0 2.0
0.0 1187.0 0.0 20429477.0 3.0
0.0 1192.0 0.0 20574261.0 2.0
0.0 1200.0 0.0 20640561.0 3.0
0.0 1208.0 0.0 20782068.0 4.0
0.0 1209.0 0.0 20796004.0 2.0
1.0 1215.0 0.0 2430738.0 2.0
0.0 1222.0 0.0 247997.0 3.0
4.0 1224.0 0.0 2490437.0 3.0
1.0 1231.0 0.0 2559052.0 3.0
1.0 1238.0 0.0 2638163.0 4.0
1.0 1244.0 0.0 2641810.0 3.0
0.0 1247.0 0.0 2721236.0 3.0
2.0 1259.0 0.0 2748527.0 4.0
0.0 1285.0 0.0 2780928.0 3.0
0.0 1286.0 0.0 3274715.0 4.0
1.0 1289.0 0.0 3397222.0 3.0
1.0 1292.0 0.0 3436084.0 1.0
0.0 1309.0 0.0 3477850.0 3.0
0.0 1322.0 0.0 3521601.0 3.0
0.0 1328.0 0.0 3523445.0 4.0
1.0 1336.0 0.0 3540462.0 4.0
1.0 1353.0 0.0 3543222.0 2.0
0.0 1354.0 0.0 37878.0 4.0
1.0 1366.0 0.0 4513778.0 3.0
0.0 1380.0 0.0 4560272.0 2.0
1.0 1381.0 0.0 4561773.0 3.0
1.0 1387.0 0.0 47024.0 3.0
0.0 1399.0 0.0 5309322.0 3.0
1.0 1401.0 0.0 5352573.0 1.0
0.0 1410.0 0.0 5994741.0 3.0
2.0 1424.0 0.0 6004914.0 1.0
1.0 1434.0 0.0 6041563.0 2.0
0.0 1439.0 0.0 6043240.0 3.0
2.0 1449.0 0.0 611455.0 2.0
0.0 1466.0 0.0 6620619.0 0.0
0.0 1489.0 0.0 6621770.0 3.0
1.0 1496.0 0.0 6656922.0 2.0
1.0 1497.0 0.0 7608940.0 2.0
1.0 1505.0 0.0 7694028.0 1.0
0.0 1508.0 0.0 8119055.0 2.0
1.0 1520.0 0.0 8133711.0 3.0
1.0 1534.0 0.0 8166017.0 1.0
0.0 1537.0 0.0 8206767.0 2.0
0.0 1538.0 0.0 8259238.0 2.0
1.0 1550.0 0.0 8266166.0 3.0
0.0 1577.0 0.0 8279115.0 3.0
0.0 1580.0 0.0 8350685.0 3.0
0.0 1590.0 0.0 8357017.0 3.0
0.0 1594.0 0.0 8402936.0 2.0
1.0 1629.0 0.0 8418794.0 4.0
1.0 1633.0 0.0 8452651.0 1.0
1.0 1671.0 0.0 8460063.0 4.0
1.0 1674.0 0.0 8463168.0 4.0
4.0 1684.0 0.0 8469872.0 3.0
3.0 1686.0 0.0 8479313.0 4.0
0.0 1691.0 0.0 8546954.0 3.0
3.0 1693.0 0.0 8550655.0 2.0
0.0 1702.0 0.0 8557263.0 2.0
0.0 1713.0 0.0 8586726.0 3.0
0.0 1729.0 0.0 8603770.0 4.0
0.0 1741.0 0.0 8607285.0 4.0
1.0 1755.0 0.0 8626549.0 3.0
1.0 1767.0 0.0 8639033.0 3.0
0.0 1786.0 0.0 8648067.0 1.0
0.0 1788.0 0.0 8672479.0 4.0
0.0 1811.0 0.0 8729071.0 2.0
1.0 1826.0 0.0 8745474.0 4.0
1.0 1827.0 0.0 8747773.0 4.0
1.0 1838.0 0.0 8850935.0 3.0
2.0 1843.0 0.0 8862668.0 3.0
0.0 1882.0 0.0 8930052.0 2.0
1.0 1883.0 0.0 8948514.0 1.0
1.0 1921.0 0.0 9006562.0 4.0
1.0 1922.0 0.0 9017403.0 4.0
1.0 1927.0 0.0 9032933.0 3.0
0.0 1931.0 0.0 9051080.0 3.0
0.0 1940.0 0.0 9116296.0 2.0
0.0 1964.0 0.0 9121172.0 2.0
0.0 1998.0 0.0 9170939.0 3.0
0.0 2020.0 0.0 9181450.0 3.0
1.0 2033.0 0.0 9235883.0 3.0
1.0 2044.0 0.0 9258026.0 3.0
1.0 2060.0 0.0 9259594.0 2.0
1.0 2079.0 0.0 9287830.0 3.0
1.0 2084.0 0.0 9300891.0 4.0
1.0 2100.0 0.0 9320722.0 2.0
0.0 2102.0 0.0 9335718.0 4.0
0.0 2129.0 0.0 9342623.0 3.0
0.0 2131.0 0.0 9409131.0 4.0
0.0 2150.0 0.0 9419559.0 3.0
1.0 2201.0 0.0 9420821.0 4.0
0.0 2204.0 0.0 9443123.0 1.0
1.0 2216.0 0.0 9481538.0 2.0
0.0 2242.0 0.0 9482505.0 3.0
1.0 2249.0 0.0 9488373.0 2.0
2.0 2266.0 0.0 9498012.0 4.0
1.0 2339.0 0.0 9578504.0 2.0
0.0 2357.0 0.0 9617290.0 3.0
0.0 2367.0 0.0 9638853.0 3.0
1.0 2372.0 0.0 9691855.0 3.0
4.0 2380.0 0.0 9695680.0 4.0
3.0 2461.0 0.0 9808390.0 4.0
1.0 2490.0 0.0 9825273.0 2.0
1.0 2543.0 0.0 9827335.0 1.0
1.0 2568.0 0.0 9834051.0 4.0
1.0 2646.0 0.0 9837199.0 3.0
0.0 2712.0 0.0 9845892.0 4.0
0.0 2729.0 0.0 9858662.0 3.0
0.0 2817.0 0.0 9876754.0 2.0
1.0 3108.0 0.0 9891649.0 3.0
0.0 3461.0 0.0 9906769.0 4.0
1.0 4124.0 0.0 9942163.0 3.0
4.0 4410.0 0.0 9970076.0 2.0
3.0 6494.0 0.0 9987252.0 3.0
