#GalIDs
2638163.0 
36468.0 
10047593.0 
11801845.0 
36468.0 
5309322.0 
10878256.0 
2632002.0 
9825273.0 
12099012.0 
6656922.0 
10793820.0 
10007496.0 
3537757.0 
10925514.0 
14117720.0 
9217775.0 
8639033.0 
9355439.0 
6043240.0 
9378421.0 
9944856.0 
14104040.0 
8605414.0 
13738373.0 
10925514.0 
6066835.0 
18125943.0 
9342623.0 
9812401.0 
13835363.0 
38951.0 
9970076.0 
18125943.0 
11566730.0 
9335718.0 
8115173.0 
47024.0 
9055873.0 
10617794.0 
11472443.0 
3524789.0 
8139479.0 
6621770.0 
6068063.0 
9902779.0 
9902779.0 
6621770.0 
12661292.0 
9634679.0 
9074809.0 
18433096.0 
18433096.0 
17497366.0 
9550845.0 
4519508.0 
8350685.0 
8965614.0 
4519508.0 
17497366.0 
17497366.0 
9020523.0 
6639776.0 
17271201.0 
18276409.0 
165249.0 
8136010.0 
13722615.0 
17271201.0 
17357222.0 
18276409.0 
13886254.0 
13722615.0 
17357222.0 
16459278.0 
17875911.0 
9437928.0 
14018345.0 
8122787.0 
4461431.0 
18034408.0 
17654556.0 
16459278.0 
18171868.0 
13664607.0 
18171868.0 
18171868.0 
17654556.0 
4461431.0 
8122787.0 
8266166.0 
16459278.0 
18012948.0 
8364906.0 
16632264.0 
15841583.0 
12122357.0 
17473041.0 
16828343.0 
18012948.0 
16262527.0 
15381417.0 
16322845.0 
17033425.0 
16150065.0 
16608246.0 
17033425.0 
16229685.0 
15381417.0 
16948257.0 
