# ID ClaudiaClass ID JesseClass ID EricClass   ID KateClass  ID LucaClass
10007496 4    10007496 2     10007496 2         10007496 2     10007496 1
10048611 0    10048611 0     10048611 0         10048611 0     10048611 0
10087546 1    10087546 3     10087546 3         10087546 3     10087546 1
10133128 0    10133128 0     10133128 0         10133128 4     10133128 0
10167709 1    10167709 3     10167709 3         10167709 1     10167709 1
10189420 1    10189420 0     10189420 1         10189420 0     10189420 1
10210422 2    10210422 2     10210422 0         10210422 4     10210422 0
10229105 1    10229105 1     10229105 3         10229105 1     10229105 1
10247407 1    10247407 1     10247407 3         10247407 1     10247407 1
10251666 1    10251666 1     10251666 1         10251666 1     10251666 0
10270262 0    10270262 0     10270262 0         10270262 3     10270262 0
10296223 0    10296223 3     10296223 0         10296223 4     10296223 0
10316711 1    10316711 1     10316711 1         10316711 1     10316711 1
10363688 1    10363688 1     10363688 1         10363688 1     10363688 1
10366587 0    10366587 0     10366587 0         10366587 0     10366587 0
10377621 1    10377621 1     10377621 3         10377621 3     10377621 1
10408025 3    10408025 3     10408025 3         10408025 0     10408025 4
10484533 0    10484533 0     10484533 0         10484533 0     10484533 0
10508996 0    10508996 2     10508996 0         10508996 4     10508996 0
10520696 1    10520696 1     10520696 1         10520696 1     10520696 1
10617794 3    10617794 3     10617794 1         10617794 1     10617794 5
10637653 0    10637653 0     10637653 0         10637653 0     10637653 0
10639641 0    10639641 0     10639641 0         10639641 0     10639641 0
10645724 0    10645724 0     10645724 0         10645724 0     10645724 0
10756038 1    10756038 1     10756038 1         10756038 1     10756038 5
10770392 0    10770392 0     10770392 0         10770392 1     10770392 0
10835613 2    10835613 2     10835613 0         10835613 0     10835613 5
10838395 1    10838395 2     10838395 2         10838395 1     10838395 1
10857030 1    10857030 1     10857030 1         10857030 1     10857030 1
11450389 0    11450389 5     11450389 0         11450389 0     11450389 5
11464247 0    11464247 0     11464247 0         11464247 0     11464247 0
11472443 0    11472443 3     11472443 0         11472443 0     11472443 0
11570539 0    11570539 0     11570539 0         11570539 0     11570539 0
12070067 1    12070067 1     12070067 1         12070067 1     12070067 1
12099012 1    12099012 1     12099012 1         12099012 1     12099012 1
12100014 0    12100014 2     12100014 0         12100014 0     12100014 0
12114173 2    12114173 1     12114173 1         12114173 4     12114173 5
12122357 5    12122357 5     12122357 0         12122357 0     12122357 5
12140983 1    12140983 1     12140983 0         12140983 1     12140983 0
12159162 3    12159162 3     12159162 3         12159162 3     12159162 3
12184456 1    12184456 1     12184456 1         12184456 1     12184456 1
12206163 0    12206163 0     12206163 3         12206163 0     12206163 0
12661292 1    12661292 1     12661292 1         12661292 1     12661292 1
12703762 1    12703762 2     12703762 1         12703762 1     12703762 5
12759145 1    12759145 1     12759145 1         12759145 1     12759145 1
12767218 1    12767218 1     12767218 1         12767218 1     12767218 1
13151895 1    13151895 0     13151895 0         13151895 0     13151895 0
13164339 1    13164339 2     13164339 4         13164339 3     13164339 1
13172064 0    13172064 2     13172064 2         13172064 0     13172064 0
13246029 1    13246029 1     13246029 3         13246029 3     13246029 1
13249045 5    13249045 1     13249045 1         13249045 1     13249045 5
13255950 0    13255950 0     13255950 0         13255950 0     13255950 5
13632282 1    13632282 2     13632282 1         13632282 1     13632282 5
13638550 0    13638550 1     13638550 0         13638550 1     13638550 0
13652612 0    13652612 3     13652612 3         13652612 3     13652612 0
13664607 0    13664607 3     13664607 0         13664607 1     13664607 0
13698383 4    13698383 4     13698383 4         13698383 4     13698383 4
13700897 0    13700897 0     13700897 0         13700897 0     13700897 0
13720597 2    13720597 2     13720597 2         13720597 4     13720597 4
13738373 1    13738373 1     13738373 1         13738373 1     13738373 1
13872509 1    13872509 0     13872509 0         13872509 0     13872509 5
13886254 0    13886254 0     13886254 0         13886254 1     13886254 1
1406431 1     1406431 2      1406431 1          1406431 1      1406431 1
14117720 1    14117720 0     14117720 0         14117720 0     14117720 0
14847631 0    14847631 0     14847631 0         14847631 0     14847631 0
14866782 1    14866782 1     14866782 1         14866782 1     14866782 4
15180624 1    15180624 1     15180624 0         15180624 0     15180624 1
15298813 2    15298813 2     15298813 2         15298813 2     15298813 1
15381417 3    15381417 0     15381417 0         15381417 0     15381417 0
15418091 0    15418091 0     15418091 0         15418091 3     15418091 0
15494457 3    15494457 3     15494457 3         15494457 3     15494457 3 
15597923 0    15597923 3     15597923 3         15597923 3     15597923 3
15651342 1    15651342 1     15651342 1         15651342 1     15651342 1
15804165 0    15804165 0     15804165 0         15804165 0     15804165 1
16018177 3    16018177 3     16018177 3         16018177 3     16018177 3
16030139 0    16030139 3     16030139 0         16030139 0     16030139 4
16214874 0    16214874 2     16214874 0         16214874 0     16214874 5
16229685 2    16229685 0     16229685 0         16229685 0     16229685 4
16262527 0    16262527 1     16262527 0         16262527 0     16262527 5
16322845 5    16322845 0     16322845 0         16322845 0     16322845 5
16360006 1    16360006 1     16360006 1         16360006 1     16360006 1
16433029 0    16433029 0     16433029 1         16433029 0     16433029 5
16459278 0    16459278 3     16459278 0         16459278 4     16459278 0
16487718 5    16487718 5     16487718 0         16487718 0     16487718 5
165249 3      165249 3       165249 3           165249 3       165249 3
16578043 1    16578043 2     16578043 0         16578043 4     16578043 1
16608246 0    16608246 3     16608246 0         16608246 0     16608246 0
16684539 3    16684539 3     16684539 0         16684539 1     16684539 2
16692290 0    16692290 3     16692290 3         16692290 3     16692290 0
16828343 0    16828343 0     16828343 0         16828343 0     16828343 0
16841705 3    16841705 3     16841705 3         16841705 4     16841705 3
16852685 0    16852685 0     16852685 0         16852685 0     16852685 0
16899534 1    16899534 1     16899534 1         16899534 1     16899534 1
16935095 1    16935095 3     16935095 1         16935095 0     16935095 1
16948257 0    16948257 0     16948257 0         16948257 0     16948257 0
16960167 0    16960167 0     16960167 0         16960167 0     16960167 0
16981991 0    16981991 0     16981991 0         16981991 0     16981991 5
17074705 1    17074705 1     17074705 1         17074705 1     17074705 1
17094054 3    17094054 3     17094054 3         17094054 3     17094054 3
17124510 1    17124510 3     17124510 3         17124510 1     17124510 3
17304600 1    17304600 0     17304600 0         17304600 0     17304600 0
17323599 3    17323599 3     17323599 3         17323599 3     17323599 3
17366604 4    17366604 3     17366604 3         17366604 4     17366604 4
17374402 5    17374402 0     17374402 0         17374402 0     17374402 5
17382930 5    17382930 3     17382930 3         17382930 3     17382930 5
17386981 0    17386981 0     17386981 0         17386981 0     17386981 4
17428566 1    17428566 3     17428566 3         17428566 1     17428566 4
17432570 0    17432570 0     17432570 4         17432570 2     17432570 0
17441218 1    17441218 1     17441218 1         17441218 1     17441218 1
17445073 0    17445073 0     17445073 0         17445073 0     17445073 0
17473041 0    17473041 2     17473041 0         17473041 4     17473041 5
17519777 0    17519777 0     17519777 0         17519777 0     17519777 0
17523254 1    17523254 0     17523254 0         17523254 0     17523254 0
17570366 1    17570366 1     17570366 1         17570366 1     17570366 1
17640299 0    17640299 2     17640299 0         17640299 0     17640299 5
17643577 0    17643577 0     17643577 0         17643577 0     17643577 4
17672886 1    17672886 1     17672886 1         17672886 1     17672886 5
17689286 1    17689286 1     17689286 1         17689286 4     17689286 1
17713162 0    17713162 0     17713162 0         17713162 0     17713162 0
17799611 0    17799611 0     17799611 4         17799611 0     17799611 0
17820509 3    17820509 3     17820509 3         17820509 3     17820509 3
17875911 0    17875911 0     17875911 0         17875911 0     17875911 4
17961350 3    17961350 1     17961350 3         17961350 3     17961350 4
18034408 1    18034408 1     18034408 0         18034408 1     18034408 1
18118060 0    18118060 0     18118060 0         18118060 0     18118060 0
18125943 1    18125943 2     18125943 0         18125943 1     18125943 5
18138347 1    18138347 1     18138347 1         18138347 1     18138347 5
18140480 1    18140480 0     18140480 0         18140480 0     18140480 5
18143518 0    18143518 0     18143518 0         18143518 0     18143518 5
18171868 0    18171868 0     18171868 0         18171868 0     18171868 4
18269024 0    18269024 1     18269024 0         18269024 1     18269024 5
18294880 0    18294880 0     18294880 0         18294880 4     18294880 0
18343511 3    18343511 1     18343511 3         18343511 1     18343511 1
18470776 3    18470776 3     18470776 3         18470776 3     18470776 4
27473 0       27473 0        27473 0            27473 0        27473 0
3537757 0     3537757 0      3537757 0          3537757 0      3537757 5
36468 1       36468 1        36468 1            36468 1        36468 1
38951 1       38951 1        38951 1            38951 3        38951 1
4461431 0     4461431 0      4461431 0          4461431 0      4461431 5
4566938 0     4566938 0      4566938 0          4566938 0      4566938 0
5299569 0     5299569 0      5299569 3          5299569 0      5299569 5 
6040033 1     6040033 1      6040033 1          6040033 1      6040033 1
6066835 1     6066835 1      6066835 1          6066835 1      6066835 4
6068063 1     6068063 0      6068063 3          6068063 3      6068063 1
6615740 1     6615740 1      6615740 1          6615740 1      6615740 4
6639776 1     6639776 1      6639776 1          6639776 0      6639776 5
6650953 3     6650953 3      6650953 3          6650953 3      6650953 3
7190131 1     7190131 1      7190131 1          7190131 1      7190131 4
7196585 1     7196585 1      7196585 0          7196585 1      7196585 1
8058402 1     8058402 1      8058402 1          8058402 0      8058402 5
8101595 0     8101595 0      8101595 0          8101595 0      8101595 0
8115173 1     8115173 1      8115173 1          8115173 1      8115173 5
8122787 1     8122787 1      8122787 1          8122787 0      8122787 4
8136010 1     8136010 1      8136010 1          8136010 1      8136010 4
8139479 0     8139479 3      8139479 3          8139479 3      8139479 0
8216840 1     8216840 0      8216840 0          8216840 0      8216840 1
8244581 2     8244581 4      8244581 1          8244581 5      8244581 5
8268440 5     8268440 2      8268440 2          8268440 5      8268440 5
8274106 0     8274106 0      8274106 0          8274106 0      8274106 4
8295057 3     8295057 3      8295057 3          8295057 3      8295057 3
8353604 1     8353604 1      8353604 0          8353604 0      8353604 4
8364906 0     8364906 1      8364906 0          8364906 0      8364906 5
8393665 1     8393665 2      8393665 0          8393665 0      8393665 5
8399448 1     8399448 0      8399448 0          8399448 0      8399448 4
8429143 1     8429143 1      8429143 1          8429143 1      8429143 4
8567853 1     8567853 1      8567853 1          8567853 1      8567853 1
8572763 4     8572763 1      8572763 1          8572763 0      8572763 5
8585109 1     8585109 1      8585109 1          8585109 1      8585109 1
8633758 1     8633758 1      8633758 1          8633758 1      8633758 1
8640505 0     8640505 2      8640505 0          8640505 0      8640505 1
8689645 1     8689645 1      8689645 0          8689645 1      8689645 1
8752041 5     8752041 1      8752041 1          8752041 1      8752041 5
8799477 1     8799477 1      8799477 1          8799477 1      8799477 1
8816166 1     8816166 1      8816166 1          8816166 1      8816166 1
8819792 0     8819792 1      8819792 0          8819792 0      8819792 4
8890851 5     8890851 5      8890851 1          8890851 0      8890851 5
8900328 0     8900328 0      8900328 0          8900328 0      8900328 0
8935446 1     8935446 3      8935446 1          8935446 1      8935446 1
8941628 1     8941628 0      8941628 3          8941628 0      8941628 5
8958332 1     8958332 1      8958332 1          8958332 4      8958332 0
8963514 4     8963514 3      8963514 0          8963514 4      8963514 1
8965614 1     8965614 1      8965614 0          8965614 0      8965614 1
8980186 1     8980186 1      8980186 1          8980186 0      8980186 1
8995405 1     8995405 1      8995405 1          8995405 0      8995405 1
8997130 1     8997130 1      8997130 0          8997130 0      8997130 1
9020523 0     9020523 3      9020523 0          9020523 0      9020523 1
9055873 1     9055873 1      9055873 0          9055873 0      9055873 1
9074809 3     9074809 0      9074809 0          9074809 4      9074809 0
9114530 1     9114530 1      9114530 1          9114530 1      9114530 1
9125261 5     9125261 1      9125261 1          9125261 1      9125261 5
9150430 0     9150430 0      9150430 0          9150430 0      9150430 4
9192916 5     9192916 0      9192916 0          9192916 0      9192916 5
9217775 1     9217775 1      9217775 1          9217775 1      9217775 1
9219350 1     9219350 3      9219350 0          9219350 0      9219350 0
9267523 1     9267523 1      9267523 1          9267523 1      9267523 1
9284259 0     9284259 0      9284259 0          9284259 0      9284259 0
9355439 1     9355439 0      9355439 0          9355439 3      9355439 0
9378421 0     9378421 0      9378421 0          9378421 0      9378421 0
9432093 1     9432093 1      9432093 1          9432093 1      9432093 1
9463307 1     9463307 1      9463307 0          9463307 0      9463307 4
9464626 1     9464626 0      9464626 0          9464626 0      9464626 1
9474586 0     9474586 0      9474586 0          9474586 0      9474586 5
9484895 1     9484895 1      9484895 1          9484895 1      9484895 1
9573816 0     9573816 3      9573816 0          9573816 0      9573816 0
9600761 1     9600761 1      9600761 0          9600761 0      9600761 0
9634679 1     9634679 1      9634679 0          9634679 0      9634679 0
9639906 1     9639906 1      9639906 1          9639906 1      9639906 1
9656543 1     9656543 2      9656543 1          9656543 1      9656543 4
9708148 1     9708148 1      9708148 1          9708148 1      9708148 1
9714039 2     9714039 0      9714039 0          9714039 0      9714039 5
9756946 1     9756946 1      9756946 1          9756946 1      9756946 4
9762289 1     9762289 0      9762289 0          9762289 0      9762289 0
9812401 1     9812401 1      9812401 0          9812401 0      9812401 0
9902779 2     9902779 1      9902779 0          9902779 2      9902779 4
9920746 1     9920746 1      9920746 1          9920746 2      9920746 1
9944856 1     9944856 1      9944856 1          9944856 1      9944856 1
9988502 4     9988502 1      9988502 1          9988502 1      9988502 1
