# ID ClaudiaClass ID JesseClass ID EricClass   ID KateClass  ID LucaClass
10007496 4    10007496 2     10007496 2         10007496 2     10007496 1
10048611 0    10048611 0     10048611 0         10048611 0     10048611 0
10087546 1    10087546 3     10087546 3         10087546 3     10087546 1
10133128 0    10133128 0     10133128 0         10133128 4     10133128 0
10167709 1    10167709 3     10167709 3         10167709 1     10167709 1
10189420 1    10189420 0     10189420 1         10189420 0     10189420 1
10210422 2    10210422 2     10210422 0         10210422 4     10210422 0
10229105 1    10229105 1     10229105 3         10229105 1     10229105 1
10247407 1    10247407 1     10247407 3         10247407 1     10247407 1
10251666 1    10251666 1     10251666 1         10251666 1     10251666 0
10270262 0    10270262 0     10270262 0         10270262 3     10270262 0
10296223 0    10296223 3     10296223 0         10296223 4     10296223 0
10316711 1    10316711 1     10316711 1         10316711 1     10316711 1
10363688 1    10363688 1     10363688 1         10363688 1     10363688 1
10366587 0    10366587 0     10366587 0         10366587 0     10366587 0
10377621 1    10377621 1     10377621 3         10377621 3     10377621 1
10408025 3    10408025 3     10408025 3         10408025 0     10408025 4
10484533 0    10484533 0     10484533 0         10484533 0     10484533 0
10508996 0    10508996 2     10508996 0         10508996 4     10508996 0
10520696 1    10520696 1     10520696 1         10520696 1     10520696 1
10617794 3    10617794 3     10617794 1         10617794 1     10617794 5
10637653 0    10637653 0     10637653 0         10637653 0     10637653 0
10639641 0    10639641 0     10639641 0         10639641 0     10639641 0
10645724 0    10645724 0     10645724 0         10645724 0     10645724 0
10756038 1    10756038 1     10756038 1         10756038 1     10756038 5
10770392 0    10770392 0     10770392 0         10770392 1     10770392 0
10835613 2    10835613 2     10835613 0         10835613 0     10835613 5
10838395 1    10838395 2     10838395 2         10838395 1     10838395 1
10857030 1    10857030 1     10857030 1         10857030 1     10857030 1
11450389 0    11450389 5     11450389 0         11450389 0     11450389 5
11464247 0    11464247 0     11464247 0         11464247 0     11464247 0
11472443 0    11472443 3     11472443 0         11472443 0     11472443 0
11570539 0    11570539 0     11570539 0         11570539 0     11570539 0
12070067 1    12070067 1     12070067 1         12070067 1     12070067 1
12099012 1    12099012 1     12099012 1         12099012 1     12099012 1
12100014 0    12100014 2     12100014 0         12100014 0     12100014 0
12114173 2    12114173 1     12114173 1         12114173 4     12114173 5
12122357 5    12122357 5     12122357 0         12122357 0     12122357 5
12140983 1    12140983 1     12140983 0         12140983 1     12140983 0
12159162 3    12159162 3     12159162 3         12159162 3     12159162 3
12184456 1    12184456 1     12184456 1         12184456 1     12184456 1
12206163 0    12206163 0     12206163 3         12206163 0     12206163 0
12661292 1    12661292 1     12661292 1         12661292 1     12661292 1
12703762 1    12703762 2     12703762 1         12703762 1     12703762 5
12759145 1    12759145 1     12759145 1         12759145 1     12759145 1
12767218 1    12767218 1     12767218 1         12767218 1     12767218 1
13151895 1    13151895 0     13151895 0         13151895 0     13151895 0
13164339 1    13164339 2     13164339 4         13164339 3     13164339 1
13172064 0    13172064 2     13172064 2         13172064 0     13172064 0
13246029 1    13246029 1     13246029 3         13246029 3     13246029 1
13249045 5    13249045 1     13249045 1         13249045 1     13249045 5
13255950 0    13255950 0     13255950 0         13255950 0     13255950 5
13632282 1    13632282 2     13632282 1         13632282 1     13632282 5
13638550 0    13638550 1     13638550 0         13638550 1     13638550 0
13652612 0    13652612 3     13652612 3         13652612 3     13652612 0
13664607 0    13664607 3     13664607 0         13664607 1     13664607 0
13698383 4    13698383 4     13698383 4         13698383 4     13698383 4
13700897 0    13700897 0     13700897 0         13700897 0     13700897 0
13720597 2    13720597 2     13720597 2         13720597 4     13720597 4
13738373 1    13738373 1     13738373 1         13738373 1     13738373 1
13872509 1    13872509 0     13872509 0         13872509 0     13872509 5
13886254 0    13886254 0     13886254 0         13886254 1     13886254 1
1406431 1     1406431 2      1406431 1          1406431 1      1406431 1
14117720 1    14117720 0     14117720 0         14117720 0     14117720 0
14847631 0    14847631 0     14847631 0         14847631 0     14847631 0
14866782 1    14866782 1     14866782 1         14866782 1     14866782 4
15180624 1    15180624 1     15180624 0         15180624 0     15180624 1
15298813 2    15298813 2     15298813 2         15298813 2     15298813 1
15381417 3    15381417 0     15381417 0         15381417 0     15381417 0
15418091 0    15418091 0     15418091 0         15418091 3     15418091 0
15494457 3    15494457 3     15494457 3         15494457 3     15494457 3 
15597923 0    15597923 3     15597923 3         15597923 3     15597923 3
15651342 1    15651342 1     15651342 1         15651342 1     15651342 1
15804165 0    15804165 0     15804165 0         15804165 0     15804165 1
16018177 3    16018177 3     16018177 3         16018177 3     16018177 3
16030139 0    16030139 3     16030139 0         16030139 0     16030139 4
16214874 0    16214874 2     16214874 0         16214874 0     16214874 5
16229685 2    16229685 0     16229685 0         16229685 0     16229685 4
16262527 0    16262527 1     16262527 0         16262527 0     16262527 5
16322845 5    16322845 0     16322845 0         16322845 0     16322845 5
16360006 1    16360006 1     16360006 1         16360006 1     16360006 1
16433029 0    16433029 0     16433029 1         16433029 0     16433029 5
16459278 0    16459278 3     16459278 0         16459278 4     16459278 0
16487718 5    16487718 5     16487718 0         16487718 0     16487718 5
165249 3      165249 3       165249 3           165249 3       165249 3
16578043 1    16578043 2     16578043 0         16578043 4     16578043 1
16608246 0    16608246 3     16608246 0         16608246 0     16608246 0
16684539 3    16684539 3     16684539 0         16684539 1     16684539 2
16692290 0    16692290 3     16692290 3         16692290 3     16692290 0
16828343 0    16828343 0     16828343 0         16828343 0     16828343 0
16841705 3    16841705 3     16841705 3         16841705 4     16841705 3
16852685 0    16852685 0     16852685 0         16852685 0     16852685 0
16899534 1    16899534 1     16899534 1         16899534 1     16899534 1
16935095 1    16935095 3     16935095 1         16935095 0     16935095 1
16948257 0    16948257 0     16948257 0         16948257 0     16948257 0
16960167 0    16960167 0     16960167 0         16960167 0     16960167 0
16981991 0    16981991 0     16981991 0         16981991 0     16981991 5
17074705 1    17074705 1     17074705 1         17074705 1     17074705 1
17094054 3    17094054 3     17094054 3         17094054 3     17094054 3
17124510 1    17124510 3     17124510 3         17124510 1     17124510 3
17304600 1    17304600 0     17304600 0         17304600 0     17304600 0
17323599 3    17323599 3     17323599 3         17323599 3     17323599 3
17366604 4    17366604 3     17366604 3         17366604 4     17366604 4
17374402 5    17374402 0     17374402 0         17374402 0     17374402 5
17382930 5    17382930 3     17382930 3         17382930 3     17382930 5
17386981 0    17386981 0     17386981 0         17386981 0     17386981 4
17428566 1    17428566 3     17428566 3         17428566 1     17428566 4
17432570 0    17432570 0     17432570 4         17432570 2     17432570 0
17441218 1    17441218 1     17441218 1         17441218 1     17441218 1
17445073 0    17445073 0     17445073 0         17445073 0     17445073 0
17473041 0    17473041 2     17473041 0         17473041 4     17473041 5
17519777 0    17519777 0     17519777 0         17519777 0     17519777 0
17523254 1    17523254 0     17523254 0         17523254 0     17523254 0
17570366 1    17570366 1     17570366 1         17570366 1     17570366 1
17640299 0    17640299 2     17640299 0         17640299 0     17640299 5
17643577 0    17643577 0     17643577 0         17643577 0     17643577 4
17672886 1    17672886 1     17672886 1         17672886 1     17672886 5
17689286 1    17689286 1     17689286 1         17689286 4     17689286 1
17713162 0    17713162 0     17713162 0         17713162 0     17713162 0
17799611 0    17799611 0     17799611 4         17799611 0     17799611 0
17820509 3    17820509 3     17820509 3         17820509 3     17820509 3
17875911 0    17875911 0     17875911 0         17875911 0     17875911 4
17961350 3    17961350 1     17961350 3         17961350 3     17961350 4
18034408 1    18034408 1     18034408 0         18034408 1     18034408 1
18118060 0    18118060 0     18118060 0         18118060 0     18118060 0
18125943 1    18125943 2     18125943 0         18125943 1     18125943 5
18138347 1    18138347 1     18138347 1         18138347 1     18138347 5
18140480 1    18140480 0     18140480 0         18140480 0     18140480 5
18143518 0    18143518 0     18143518 0         18143518 0     18143518 5
18171868 0    18171868 0     18171868 0         18171868 0     18171868 4
18269024 0    18269024 1     18269024 0         18269024 1     18269024 5
18294880 0    18294880 0     18294880 0         18294880 4     18294880 0
18343511 3    18343511 1     18343511 3         18343511 1     18343511 1
18470776 3    18470776 3     18470776 3         18470776 3     18470776 4
27473 0       27473 0        27473 0            27473 0        27473 0
3537757 0     3537757 0      3537757 0          3537757 0      3537757 5
36468 1       36468 1        36468 1            36468 1        36468 1
38951 1       38951 1        38951 1            38951 3        38951 1
4461431 0     4461431 0      4461431 0          4461431 0      4461431 5
4566938 0     4566938 0      4566938 0          4566938 0      4566938 0
5299569 0     5299569 0      5299569 3          5299569 0      5299569 5 
6040033 1     6040033 1      6040033 1          6040033 1      6040033 1
6066835 1     6066835 1      6066835 1          6066835 1      6066835 4
6068063 1     6068063 0      6068063 3          6068063 3      6068063 1
6615740 1     6615740 1      6615740 1          6615740 1      6615740 4
6639776 1     6639776 1      6639776 1          6639776 0      6639776 5
6650953 3     6650953 3      6650953 3          6650953 3      6650953 3
7190131 1     7190131 1      7190131 1          7190131 1      7190131 4
7196585 1     7196585 1      7196585 0          7196585 1      7196585 1
8058402 1     8058402 1      8058402 1          8058402 0      8058402 5
8101595 0     8101595 0      8101595 0          8101595 0      8101595 0
8115173 1     8115173 1      8115173 1          8115173 1      8115173 5
8122787 1     8122787 1      8122787 1          8122787 0      8122787 4
8136010 1     8136010 1      8136010 1          8136010 1      8136010 4
8139479 0     8139479 3      8139479 3          8139479 3      8139479 0
8216840 1     8216840 0      8216840 0          8216840 0      8216840 1
8244581 2     8244581 4      8244581 1          8244581 5      8244581 5
8268440 5     8268440 2      8268440 2          8268440 5      8268440 5
8274106 0     8274106 0      8274106 0          8274106 0      8274106 4
8295057 3     8295057 3      8295057 3          8295057 3      8295057 3
8353604 1     8353604 1      8353604 0          8353604 0      8353604 4
8364906 0     8364906 1      8364906 0          8364906 0      8364906 5
8393665 1     8393665 2      8393665 0          8393665 0      8393665 5
8399448 1     8399448 0      8399448 0          8399448 0      8399448 4
8429143 1     8429143 1      8429143 1          8429143 1      8429143 4
8567853 1     8567853 1      8567853 1          8567853 1      8567853 1
8572763 4     8572763 1      8572763 1          8572763 0      8572763 5
8585109 1     8585109 1      8585109 1          8585109 1      8585109 1
8633758 1     8633758 1      8633758 1          8633758 1      8633758 1
8640505 0     8640505 2      8640505 0          8640505 0      8640505 1
8689645 1     8689645 1      8689645 0          8689645 1      8689645 1
8752041 5     8752041 1      8752041 1          8752041 1      8752041 5
8799477 1     8799477 1      8799477 1          8799477 1      8799477 1
8816166 1     8816166 1      8816166 1          8816166 1      8816166 1
8819792 0     8819792 1      8819792 0          8819792 0      8819792 4
8890851 5     8890851 5      8890851 1          8890851 0      8890851 5
8900328 0     8900328 0      8900328 0          8900328 0      8900328 0
8935446 1     8935446 3      8935446 1          8935446 1      8935446 1
8941628 1     8941628 0      8941628 3          8941628 0      8941628 5
8958332 1     8958332 1      8958332 1          8958332 4      8958332 0
8963514 4     8963514 3      8963514 0          8963514 4      8963514 1
8965614 1     8965614 1      8965614 0          8965614 0      8965614 1
8980186 1     8980186 1      8980186 1          8980186 0      8980186 1
8995405 1     8995405 1      8995405 1          8995405 0      8995405 1
8997130 1     8997130 1      8997130 0          8997130 0      8997130 1
9020523 0     9020523 3      9020523 0          9020523 0      9020523 1
9055873 1     9055873 1      9055873 0          9055873 0      9055873 1
9074809 3     9074809 0      9074809 0          9074809 4      9074809 0
9114530 1     9114530 1      9114530 1          9114530 1      9114530 1
9125261 5     9125261 1      9125261 1          9125261 1      9125261 5
9150430 0     9150430 0      9150430 0          9150430 0      9150430 4
9192916 5     9192916 0      9192916 0          9192916 0      9192916 5
9217775 1     9217775 1      9217775 1          9217775 1      9217775 1
9219350 1     9219350 3      9219350 0          9219350 0      9219350 0
9267523 1     9267523 1      9267523 1          9267523 1      9267523 1
9284259 0     9284259 0      9284259 0          9284259 0      9284259 0
9355439 1     9355439 0      9355439 0          9355439 3      9355439 0
9378421 0     9378421 0      9378421 0          9378421 0      9378421 0
9432093 1     9432093 1      9432093 1          9432093 1      9432093 1
9463307 1     9463307 1      9463307 0          9463307 0      9463307 4
9464626 1     9464626 0      9464626 0          9464626 0      9464626 1
9474586 0     9474586 0      9474586 0          9474586 0      9474586 5
9484895 1     9484895 1      9484895 1          9484895 1      9484895 1
9573816 0     9573816 3      9573816 0          9573816 0      9573816 0
9600761 1     9600761 1      9600761 0          9600761 0      9600761 0
9634679 1     9634679 1      9634679 0          9634679 0      9634679 0
9639906 1     9639906 1      9639906 1          9639906 1      9639906 1
9656543 1     9656543 2      9656543 1          9656543 1      9656543 4
9708148 1     9708148 1      9708148 1          9708148 1      9708148 1
9714039 2     9714039 0      9714039 0          9714039 0      9714039 5
9756946 1     9756946 1      9756946 1          9756946 1      9756946 4
9762289 1     9762289 0      9762289 0          9762289 0      9762289 0
9812401 1     9812401 1      9812401 0          9812401 0      9812401 0
9902779 2     9902779 1      9902779 0          9902779 2      9902779 4
9920746 1     9920746 1      9920746 1          9920746 2      9920746 1
9944856 1     9944856 1      9944856 1          9944856 1      9944856 1
9988502 4     9988502 1      9988502 1          9988502 1      9988502 1
10001964 1    10001964 2     10001964 1         10001964 1     10001964 1
10047593 1    10047593 1     10047593 1         10047593 1     10047593 1
10078535 5    10078535 2     10078535 2         10078535 0     10078535 5
10088970 0    10088970 0     10088970 1         10088970 0     10088970 4
10094365 0    10094365 0     10094365 1         10094365 0     10094365 0
10098636 1    10098636 0     10098636 1         10098636 4     10098636 4
10108399 0    10108399 2     10108399 2         10108399 2     10108399 0
10148849 0    10148849 2     10148849 0         10148849 4     10148849 5
10202982 1    10202982 1     10202982 3         10202982 1     10202982 0
10214268 0    10214268 0     10214268 1         10214268 1     10214268 1
10222239 5    10222239 2     10222239 0         10222239 0     10222239 5
10267875 1    10267875 1     10267875 1         10267875 4     10267875 1
10297940 5    10297940 2     10297940 2         10297940 2     10297940 5
10400500 1    10400500 1     10400500 1         10400500 1     10400500 5
10422405 1    10422405 0     10422405 1         10422405 1     10422405 5
10500691 1    10500691 1     10500691 1         10500691 1     10500691 5
10513356 1    10513356 1     10513356 1         10513356 1     10513356 5
10565598 2    10565598 1     10565598 1         10565598 2     10565598 5
10624027 1    10624027 1     10624027 1         10624027 1     10624027 5
10666539 1    10666539 1     10666539 1         10666539 1     10666539 1
10668208 1    10668208 0     10668208 1         10668208 1     10668208 5
10672054 0    10672054 0     10672054 0         10672054 0     10672054 5
10793820 5    10793820 1     10793820 1         10793820 0     10793820 5
10875680 4    10875680 3     10875680 1         10875680 1     10875680 5
10915109 0    10915109 0     10915109 0         10915109 4     10915109 0
10965880 0    10965880 1     10965880 0         10965880 0     10965880 5
10978426 0    10978426 1     10978426 0         10978426 0     10978426 5
11041878 2    11041878 2     11041878 2         11041878 2     11041878 4
11233285 1    11233285 1     11233285 0         11233285 1     11233285 1
11448052 5    11448052 5     11448052 1         11448052 0     11448052 5
11486870 1    11486870 1     11486870 1         11486870 1     11486870 5
11548124 5    11548124 5     11548124 0         11548124 0     11548124 5
11591453 1    11591453 1     11591453 1         11591453 1     11591453 1
12125393 5    12125393 5     12125393 0         12125393 0     12125393 5
12132759 1    12132759 3     12132759 3         12132759 1     12132759 5
12145071 1    12145071 1     12145071 1         12145071 1     12145071 5
12149158 0    12149158 1     12149158 4         12149158 0     12149158 5
12155759 5    12155759 4     12155759 4         12155759 0     12155759 5
12164583 1    12164583 1     12164583 1         12164583 1     12164583 1
12712401 1    12712401 1     12712401 1         12712401 1     12712401 5
12737014 5    12737014 1     12737014 1         12737014 1     12737014 5
12746616 0    12746616 0     12746616 0         12746616 0     12746616 5
12748607 5    12748607 0     12748607 0         12748607 0     12748607 5
12767853 5    12767853 3     12767853 1         12767853 1     12767853 5
12777206 1    12777206 1     12777206 1         12777206 1     12777206 5
130677 0      130677 5       130677 0           130677 0       130677 5
13154468 2    13154468 2     13154468 2         13154468 2     13154468 5
13184670 3    13184670 3     13184670 1         13184670 3     13184670 5
13629343 1    13629343 1     13629343 1         13629343 1     13629343 5
13660659 1    13660659 1     13660659 1         13660659 1     13660659 5
13691170 5    13691170 0     13691170 0         13691170 0     13691170 5
13722615 1    13722615 1     13722615 1         13722615 0     13722615 5
13815863 0    13815863 2     13815863 1         13815863 2     13815863 5
13833469 0    13833469 0     13833469 0         13833469 0     13833469 5
13861188 5    13861188 0     13861188 1         13861188 0     13861188 5
13866051 0    13866051 0     13866051 0         13866051 0     13866051 5
13885345 1    13885345 1     13885345 1         13885345 1     13885345 1
13892596 3    13892596 3     13892596 0         13892596 3     13892596 5
1390572 1     1390572 1      1390572 1          1390572 1      1390572 5
13921560 5    13921560 5     13921560 0         13921560 0     13921560 5
13965936 0    13965936 3     13965936 0         13965936 0     13965936 0
14007135 0    14007135 0     14007135 0         14007135 0     14007135 0
14018345 0    14018345 3     14018345 3         14018345 3     14018345 0
14104040 1    14104040 1     14104040 0         14104040 0     14104040 0
14164096 3    14164096 3     14164096 3         14164096 3     14164096 4
14188899 0    14188899 3     14188899 1         14188899 0     14188899 0
14211586 0    14211586 0     14211586 0         14211586 0     14211586 0
14216102 5    14216102 5     14216102 0         14216102 5     14216102 5
14227199 0    14227199 0     14227199 0         14227199 0     14227199 0
14266205 4    14266205 3     14266205 3         14266205 5     14266205 5
142885 0      142885 0       142885 0           142885 0       142885 0
14359554 0    14359554 0     14359554 0         14359554 0     14359554 0
14436222 3    14436222 3     14436222 3         14436222 3     14436222 5
14459773 3    14459773 0     14459773 0         14459773 3     14459773 0
14476588 3    14476588 3     14476588 3         14476588 5     14476588 4
14523328 0    14523328 0     14523328 0         14523328 0     14523328 5
14531471 5    14531471 5     14531471 0         14531471 0     14531471 5
14559627 3    14559627 3     14559627 3         14559627 3     14559627 5
14607787 0    14607787 0     14607787 0         14607787 0     14607787 0
14642196 0    14642196 3     14642196 0         14642196 0     14642196 5
14696151 0    14696151 0     14696151 0         14696151 0     14696151 4
14706695 0    14706695 0     14706695 4         14706695 3     14706695 0
14883340 0    14883340 0     14883340 4         14883340 4     14883340 4
14895218 5    14895218 0     14895218 0         14895218 0     14895218 5
14978115 5    14978115 5     14978115 0         14978115 0     14978115 5
15028757 0    15028757 0     15028757 0         15028757 0     15028757 4
15038750 0    15038750 0     15038750 4         15038750 0     15038750 5
15070187 1    15070187 1     15070187 1         15070187 1     15070187 5
15118185 3    15118185 3     15118185 3         15118185 3     15118185 4
15125932 4    15125932 3     15125932 3         15125932 5     15125932 5
15141076 0    15141076 0     15141076 0         15141076 0     15141076 5
15157617 0    15157617 0     15157617 0         15157617 0     15157617 5
15197399 0    15197399 0     15197399 0         15197399 0     15197399 5
15239965 1    15239965 1     15239965 1         15239965 1     15239965 1
15343517 5    15343517 1     15343517 1         15343517 1     15343517 5
15362841 0    15362841 0     15362841 0         15362841 0     15362841 5
15371868 0    15371868 0     15371868 0         15371868 0     15371868 0
15386754 5    15386754 5     15386754 0         15386754 0     15386754 5
15393778 0    15393778 0     15393778 0         15393778 0     15393778 5
15402075 1    15402075 3     15402075 1         15402075 1     15402075 1
15484682 0    15484682 0     15484682 0         15484682 0     15484682 4
15535361 1    15535361 1     15535361 1         15535361 1     15535361 1
15554595 0    15554595 0     15554595 0         15554595 0     15554595 5
15691064 1    15691064 1     15691064 1         15691064 1     15691064 5
15710021 3    15710021 3     15710021 3         15710021 3     15710021 5
15797865 5    15797865 0     15797865 0         15797865 0     15797865 5
15811947 5    15811947 0     15811947 0         15811947 0     15811947 5
15823417 0    15823417 0     15823417 0         15823417 0     15823417 0
15878251 3    15878251 3     15878251 3         15878251 1     15878251 4
15909288 3    15909288 3     15909288 3         15909288 0     15909288 0
15940995 5    15940995 0     15940995 0         15940995 0     15940995 5
15953505 0    15953505 0     15953505 0         15953505 0     15953505 0
15973149 5    15973149 0     15973149 0         15973149 0     15973149 5
16027781 1    16027781 3     16027781 3         16027781 1     16027781 1
16062294 0    16062294 0     16062294 0         16062294 0     16062294 0
16072004 1    16072004 1     16072004 1         16072004 1     16072004 1
16150065 0    16150065 0     16150065 0         16150065 0     16150065 0
16161679 3    16161679 4     16161679 0         16161679 0     16161679 5
16179867 0    16179867 0     16179867 0         16179867 0     16179867 0
16221451 0    16221451 0     16221451 0         16221451 0     16221451 0
16268671 0    16268671 0     16268671 1         16268671 0     16268671 0
16351396 5    16351396 5     16351396 1         16351396 1     16351396 5
16376964 5    16376964 2     16376964 1         16376964 1     16376964 5
16385870 0    16385870 0     16385870 0         16385870 0     16385870 5
16424324 0    16424324 0     16424324 0         16424324 0     16424324 0
16429681 0    16429681 0     16429681 0         16429681 0     16429681 0
16462660 5    16462660 0     16462660 0         16462660 0     16462660 5
16472249 0    16472249 0     16472249 0         16472249 0     16472249 0
16491888 2    16491888 1     16491888 1         16491888 1     16491888 1
16504438 1    16504438 1     16504438 1         16504438 1     16504438 1
16543297 0    16543297 0     16543297 0         16543297 0     16543297 0
16550702 0    16550702 0     16550702 0         16550702 0     16550702 0
16583346 1    16583346 1     16583346 1         16583346 1     16583346 5
16588425 1    16588425 3     16588425 4         16588425 1     16588425 5
16632264 0    16632264 0     16632264 0         16632264 0     16632264 0
16657910 5    16657910 0     16657910 0         16657910 0     16657910 5
16664981 5    16664981 1     16664981 1         16664981 1     16664981 5
16701963 3    16701963 3     16701963 1         16701963 3     16701963 5
16727953 1    16727953 1     16727953 1         16727953 1     16727953 1
16740639 0    16740639 2     16740639 1         16740639 0     16740639 5
16774780 0    16774780 0     16774780 0         16774780 0     16774780 0
16791966 5    16791966 0     16791966 0         16791966 0     16791966 5
16807937 0    16807937 0     16807937 0         16807937 0     16807937 4
16824761 5    16824761 0     16824761 0         16824761 0     16824761 5
16832144 5    16832144 5     16832144 1         16832144 1     16832144 5
16911816 3    16911816 1     16911816 0         16911816 3     16911816 0
16916060 0    16916060 0     16916060 0         16916060 0     16916060 0
16975467 5    16975467 5     16975467 1         16975467 1     16975467 5
17017274 0    17017274 0     17017274 0         17017274 0     17017274 0
17033425 2    17033425 0     17033425 0         17033425 0     17033425 4
17068441 5    17068441 1     17068441 1         17068441 1     17068441 4
17097593 3    17097593 3     17097593 3         17097593 3     17097593 5
17113138 5    17113138 1     17113138 1         17113138 1     17113138 4
17131843 5    17131843 4     17131843 1         17131843 1     17131843 5
17246197 1    17246197 1     17246197 1         17246197 1     17246197 1
17255594 3    17255594 3     17255594 3         17255594 3     17255594 1
17271201 0    17271201 1     17271201 1         17271201 1     17271201 1
17357222 0    17357222 0     17357222 1         17357222 0     17357222 1
1745905 4     1745905 4      1745905 4          1745905 4      1745905 4
17494069 3    17494069 0     17494069 0         17494069 0     17494069 5
17497366 1    17497366 3     17497366 3         17497366 1     17497366 1
17559547 4    17559547 4     17559547 1         17559547 1     17559547 5
17574678 0    17574678 0     17574678 0         17574678 0     17574678 0
17592248 3    17592248 3     17592248 3         17592248 3     17592248 5
17596949 0    17596949 0     17596949 0         17596949 0     17596949 0
17611275 1    17611275 1     17611275 1         17611275 2     17611275 1
17618660 0    17618660 0     17618660 0         17618660 0     17618660 0
17654556 3    17654556 3     17654556 3         17654556 3     17654556 4
17666084 0    17666084 0     17666084 0         17666084 0     17666084 0
17676396 5    17676396 1     17676396 1         17676396 1     17676396 5
17697184 3    17697184 3     17697184 3         17697184 3     17697184 5
17723838 5    17723838 1     17723838 1         17723838 0     17723838 5
17749095 1    17749095 0     17749095 0         17749095 0     17749095 5
17752120 1    17752120 1     17752120 1         17752120 1     17752120 1
17775312 5    17775312 1     17775312 1         17775312 1     17775312 5
17795987 0    17795987 4     17795987 0         17795987 0     17795987 5
17818556 1    17818556 4     17818556 4         17818556 4     17818556 4
17866288 1    17866288 0     17866288 0         17866288 0     17866288 4
17911420 1    17911420 1     17911420 1         17911420 1     17911420 5
17990051 1    17990051 1     17990051 1         17990051 1     17990051 1
18060725 0    18060725 0     18060725 3         18060725 0     18060725 0
18120449 1    18120449 1     18120449 1         18120449 1     18120449 4
18160042 1    18160042 1     18160042 1         18160042 1     18160042 1
18192270 1    18192270 0     18192270 1         18192270 1     18192270 5
18292452 0    18292452 1     18292452 1         18292452 0     18292452 1
18303794 1    18303794 1     18303794 1         18303794 1     18303794 5
18308116 0    18308116 3     18308116 3         18308116 0     18308116 4
18320343 1    18320343 1     18320343 1         18320343 1     18320343 4
18373708 0    18373708 1     18373708 1         18373708 0     18373708 5
18377511 0    18377511 0     18377511 0         18377511 0     18377511 0
18381161 1    18381161 1     18381161 1         18381161 1     18381161 1
18412316 4    18412316 0     18412316 0         18412316 0     18412316 5
18433096 0    18433096 0     18433096 0         18433096 0     18433096 0
18481114 3    18481114 3     18481114 3         18481114 3     18481114 5
18601016 5    18601016 1     18601016 1         18601016 1     18601016 5
18680975 3    18680975 3     18680975 3         18680975 3     18680975 5
18816264 3    18816264 3     18816264 3         18816264 3     18816264 5
18873061 3    18873061 3     18873061 3         18873061 3     18873061 5
18893253 5    18893253 4     18893253 0         18893253 0     18893253 5
18961506 3    18961506 3     18961506 3         18961506 3     18961506 5
19020656 5    19020656 4     19020656 1         19020656 1     19020656 5
19054212 3    19054212 3     19054212 3         19054212 0     19054212 4
19215047 2    19215047 4     19215047 2         19215047 2     19215047 2
19299050 3    19299050 3     19299050 3         19299050 4     19299050 4
19331309 3    19331309 3     19331309 4         19331309 0     19331309 5
19380932 2    19380932 0     19380932 0         19380932 0     19380932 0
19534448 1    19534448 3     19534448 3         19534448 3     19534448 4
19595681 3    19595681 4     19595681 3         19595681 4     19595681 4
197363 0      197363 0       197363 3           197363 4       197363 5
19845187 4    19845187 1     19845187 1         19845187 1     19845187 2
19927838 0    19927838 0     19927838 0         19927838 0     19927838 5
20069906 5    20069906 5     20069906 0         20069906 0     20069906 5
20163968 5    20163968 1     20163968 1         20163968 0     20163968 4
20225920 5    20225920 0     20225920 0         20225920 0     20225920 5
20309019 1    20309019 3     20309019 1         20309019 1     20309019 1
20339743 1    20339743 3     20339743 1         20339743 0     20339743 1
20359745 0    20359745 0     20359745 0         20359745 0     20359745 5
20398653 1    20398653 1     20398653 1         20398653 1     20398653 5
20414028 0    20414028 3     20414028 0         20414028 4     20414028 0
20429477 0    20429477 0     20429477 1         20429477 0     20429477 0
20456942 5    20456942 3     20456942 3         20456942 5     20456942 5
20574261 0    20574261 0     20574261 0         20574261 0     20574261 0
20640561 0    20640561 0     20640561 0         20640561 0     20640561 0
20782068 1    20782068 3     20782068 1         20782068 1     20782068 1
20796004 0    20796004 1     20796004 1         20796004 1     20796004 1
2430738 1     2430738 1      2430738 1          2430738 1      2430738 5
247997 5      247997 0       247997 1           247997 0       247997 5
2490437 4     2490437 4      2490437 4          2490437 0      2490437 5
2559052 1     2559052 0      2559052 1          2559052 1      2559052 5
2638163 1     2638163 1      2638163 1          2638163 1      2638163 1
2641810 1     2641810 1      2641810 1          2641810 1      2641810 1
2721236 0     2721236 0      2721236 0          2721236 0      2721236 5
2748527 3     2748527 3      2748527 3          2748527 3      2748527 5
2769526 1     2769526 0      2769526 2          2769526 2      2769526 4
2780928 0     2780928 0      2780928 1          2780928 0      2780928 0
3274715 5     3274715 0      3274715 0          3274715 0      3274715 5
3397222 1     3397222 1      3397222 1          3397222 1      3397222 1
3436084 1     3436084 1      3436084 1          3436084 1      3436084 1
3477850 0     3477850 0      3477850 0          3477850 0      3477850 5
3521601 0     3521601 0      3521601 0          3521601 0      3521601 5
3523445 5     3523445 0      3523445 0          3523445 0      3523445 5
3533020 3     3533020 3      3533020 3          3533020 0      3533020 0
3540462 1     3540462 1      3540462 1          3540462 1      3540462 1
3543222 1     3543222 1      3543222 1          3543222 1      3543222 1
37878 1       37878 1        37878 1            37878 1        37878 5
4513778 1     4513778 1      4513778 1          4513778 1      4513778 5
4560272 5     4560272 0      4560272 0          4560272 0      4560272 5
4561773 4     4561773 1      4561773 1          4561773 1      4561773 5
47024 1       47024 1        47024 1            47024 1        47024 5
5309322 0     5309322 0      5309322 0          5309322 0      5309322 5
5352573 1     5352573 1      5352573 1          5352573 1      5352573 5
5994741 0     5994741 0      5994741 0          5994741 0      5994741 5
6004914 3     6004914 3      6004914 3          6004914 0      6004914 4
6041563 1     6041563 1      6041563 1          6041563 1      6041563 4
6043240 1     6043240 1      6043240 1          6043240 1      6043240 1
611455 3      611455 3      611455 3            611455 4       611455 5  
6620619 0     6620619 0     6620619 0           6620619 0      6620619 0
6621770 1     6621770 0     6621770 0           6621770 0      6621770 5
6656922 1     6656922 1     6656922 1           6656922 1      6656922 1
7608940 1     7608940 1     7608940 1           7608940 1      7608940 5
7694028 1     7694028 0     7694028 1           7694028 1      7694028 1
8092293 5     8092293 4     8092293 0           8092293 0      8092293 5
8119055 5     8119055 0     8119055 0           8119055 0      8119055 5
8133711 1     8133711 1     8133711 1           8133711 1      8133711 5
8166017 5     8166017 0     8166017 1           8166017 0      8166017 5
8206767 0     8206767 0     8206767 0           8206767 0      8206767 0
8259238 5     8259238 0     8259238 0           8259238 0      8259238 5
8266166 1     8266166 1     8266166 1           8266166 1      8266166 5
8279115 0     8279115 0     8279115 0           8279115 0      8279115 5
8350685 0     8350685 0     8350685 1           8350685 0      8350685 5
8357017 1     8357017 1     8357017 1           8357017 1      8357017 1
8402936 0     8402936 0     8402936 0           8402936 0      8402936 0
8418794 5     8418794 1     8418794 1           8418794 1      8418794 5
8445563 3     8445563 3     8445563 1           8445563 1      8445563 5
8452651 1     8452651 1     8452651 1           8452651 1      8452651 1
8460063 0     8460063 2     8460063 1           8460063 1      8460063 1
8463168 1     8463168 1     8463168 1           8463168 1      8463168 1
8469872 4     8469872 4     8469872 4           8469872 0      8469872 4
8479313 2     8479313 2     8479313 4           8479313 2      8479313 4
8546954 1     8546954 2     8546954 1           8546954 1      8546954 1
8550655 2     8550655 2     8550655 2           8550655 2      8550655 2
8557263 1     8557263 0     8557263 1           8557263 0      8557263 4
8586726 5     8586726 0     8586726 0           8586726 0      8586726 5
8603770 1     8603770 1     8603770 1           8603770 1      8603770 5
8607285 1     8607285 1     8607285 1           8607285 0      8607285 4
8626549 1     8626549 2     8626549 1           8626549 1      8626549 4
8639033 1     8639033 1     8639033 1           8639033 1      8639033 1
8648067 1     8648067 2     8648067 1           8648067 1      8648067 1
8672479 0     8672479 2     8672479 0           8672479 2      8672479 0
8686632 3     8686632 1     8686632 3           8686632 3      8686632 1
8729071 0     8729071 0     8729071 1           8729071 0      8729071 0
8745474 1     8745474 1     8745474 1           8745474 1      8745474 1
8747773 1     8747773 1     8747773 1           8747773 1      8747773 4
8850935 1     8850935 1     8850935 1           8850935 1      8850935 5
8862668 3     8862668 3     8862668 3           8862668 3      8862668 5
8930052 0     8930052 0     8930052 0           8930052 0      8930052 0
8948514 1     8948514 1     8948514 1           8948514 1      8948514 4
9006562 1     9006562 1     9006562 1           9006562 1      9006562 1
9017403 1     9017403 1     9017403 1           9017403 1      9017403 4
9032933 1     9032933 4     9032933 1           9032933 1      9032933 5
9051080 0     9051080 2     9051080 0           9051080 0      9051080 5
9116296 1     9116296 1     9116296 1           9116296 1      9116296 5
9121172 1     9121172 2     9121172 1           9121172 1      9121172 2
9142107 1     9142107 2     9142107 1           9142107 2      9142107 4
9170939 0     9170939 0     9170939 0           9170939 0      9170939 5
9179610 5     9179610 2     9179610 1           9179610 0      9179610 5
9181450 1     9181450 0     9181450 0           9181450 0      9181450 5
9235883 1     9235883 1     9235883 1           9235883 1      9235883 1
9258026 1     9258026 1     9258026 1           9258026 1      9258026 1
9259594 5     9259594 1     9259594 1           9259594 1      9259594 5
9287830 3     9287830 1     9287830 1           9287830 0      9287830 4
9300891 1     9300891 1     9300891 1           9300891 1      9300891 1
9303470 5     9303470 4     9303470 1           9303470 1      9303470 5
9320722 1     9320722 4     9320722 1           9320722 1      9320722 4
9335718 0     9335718 0     9335718 1           9335718 0      9335718 5
9342623 5     9342623 0     9342623 0           9342623 0      9342623 5
9409131 1     9409131 1     9409131 1           9409131 0      9409131 4
9419559 1     9419559 1     9419559 1           9419559 1      9419559 5
9420821 1     9420821 1     9420821 1           9420821 1      9420821 1
9443123 5     9443123 0     9443123 0           9443123 0      9443123 5
9481538 1     9481538 1     9481538 1           9481538 1      9481538 1
9482505 1     9482505 2     9482505 1           9482505 0      9482505 4
9488373 1     9488373 1     9488373 1           9488373 1      9488373 5
9498012 3     9498012 3     9498012 0           9498012 3      9498012 5
9578504 1     9578504 1     9578504 1           9578504 1      9578504 1
9617290 0     9617290 0     9617290 0           9617290 0      9617290 0
9638853 0     9638853 0     9638853 0           9638853 0      9638853 4
9691855 1     9691855 0     9691855 1           9691855 1      9691855 1
9695680 0     9695680 4     9695680 3           9695680 4      9695680 4
9808390 2     9808390 2     9808390 2           9808390 2      9808390 2
9825273 1     9825273 1     9825273 1           9825273 1      9825273 1
9827335 1     9827335 1     9827335 1           9827335 1      9827335 1
9834051 1     9834051 1     9834051 1           9834051 1      9834051 1
9837199 1     9837199 1     9837199 1           9837199 1      9837199 5
9845892 1     9845892 2     9845892 2           9845892 1      9845892 1
9858662 0     9858662 0     9858662 0           9858662 0      9858662 5
9876754 1     9876754 1     9876754 1           9876754 0      9876754 1
9891649 5     9891649 0     9891649 0           9891649 0      9891649 5
9906769 0     9906769 0     9906769 0           9906769 0      9906769 5
9942163 1     9942163 1     9942163 1           9942163 0      9942163 5
9970076 1     9970076 4     9970076 4           9970076 4      9970076 4
9987252 2     9987252 2     9987252 2           9987252 0      9987252 5
